4294967294,0
4294967278,340
4294967278,132
4294967278,460
4294967278,131
4294967278,130
4294967278,129
4294967278,128
4294967278,372
4294967278,127
4294967278,255
4294967278,126
4294967278,332
4294967278,125
4294967278,124
4294967278,123
4294967278,122
4294967278,121
4294967278,120
4294967278,119
4294967278,118
4294967278,117
4294967278,241
4294967278,116
4294967278,239
4294967278,115
4294967278,114
4294967278,113
4294967278,112
4294967278,111
4294967278,110
4294967278,109
4294967278,108
4294967278,107
4294967278,106
4294967278,105
4294967278,104
4294967278,103
4294967278,215
4294967278,102
4294967278,101
4294967278,100
4294967278,99
4294967278,98
4294967278,97
4294967278,96
4294967278,95
4294967278,94
4294967278,330
4294967278,93
4294967278,92
4294967278,377
4294967278,91
4294967278,90
4294967278,367
4294967278,89
4294967278,87
4294967278,86
4294967278,85
4294967278,84
4294967278,83
4294967278,82
4294967278,81
4294967278,80
4294967278,79
4294967278,78
4294967278,378
4294967278,77
4294967278,76
4294967278,75
4294967278,74
4294967278,73
4294967278,72
4294967278,71
4294967278,70
4294967278,69
4294967278,68
4294967278,67
4294967278,66
4294967278,65
4294967278,64
4294967278,63
4294967278,62
4294967278,61
4294967279,328
4294967279,94
4294967279,93
4294967279,90
4294967279,87
4294967279,86
4294967279,82
4294967279,77
4294967279,73
4294967279,70
4294967279,65
4294967279,59
4294967279,58
4294967279,56
4294967279,50
4294967279,48
4294967279,47
4294967279,46
4294967279,43
4294967279,40
4294967279,37
4294967279,35
4294967279,32
4294967279,29
4294967279,26
4294967279,298
4294967279,23
4294967279,21
4294967279,267
4294967279,18
4294967279,14
4294967279,11
4294967279,526
4294967279,9
4294967279,273
4294967279,8
4294967279,7
4294967279,6
4294967279,553
4294967279,5
4294967279,4
4294967278,244
4294967279,240
4294967279,226
4294967279,237
4294967279,322
4294967278,477
4294967279,564
4294967278,231
249,6
4294967279,227
249,5
249,4
4294967279,225
249,3
249,2
249,1
4294967279,224
4294967278,221
4294967279,259
4294967278,476
4294967278,348
4294967278,0
4294967279,345
4294967279,215
4294967279,517
4294967279,214
4294967279,213
4294967279,212
4294967279,209
4294967279,211
4294967279,210
4294967279,561
4294967279,208
4294967279,207
4294967279,206
4294967279,205
4294967279,344
4294967279,92
4294967279,343
4294967279,91
4294967279,89
4294967279,559
4294967279,200
4294967279,199
4294967278,196
246,5
4294967279,198
246,4
246,3
246,2
246,1
4294967278,464
4294967279,512
4294967278,365
4294967279,339
4294967278,326
4294967279,318
245,5
245,4
245,3
245,2
245,1
4294967278,324
4294967279,315
4294967278,182
4294967279,67
4294967279,569
4294967278,475
4294967279,337
4294967278,474
4294967279,314
4294967278,320
4294967278,368
4294967279,169
4294967279,311
4294967278,167
4294967294,479
4294967278,361
241,5
4294967294,1008
4294967294,1004
4294967278,162
241,4
241,3
241,2
241,1
4294967279,160
0,5
4294967278,298
240,6
4294967278,357
4294967279,539
4294967279,326
240,5
4294967278,153
240,4
240,3
240,2
240,1
4294967278,314
4294967279,151
4294967294,478
4294967294,414
4294967294,466
4294967294,189
4294967294,458
4294967294,451
4294967294,456
4294967294,169
4294967278,294
4294967278,359
239,5
4294967278,147
4294967279,146
4294967278,146
239,4
4294967279,145
239,3
239,2
239,1
4294967278,145
4294967278,144
4294967278,292
4294967278,312
4294967278,310
4294967294,6
4294967278,139
4294967279,138
238,5
4294967278,277
238,4
238,3
238,2
238,1
4294967278,307
4294967278,134
4294967294,1418
4294967294,1420
4294967278,302
4294967279,334
4294967279,269
237,5
237,4
4294967278,274
237,3
237,2
237,1
4294967279,282
4294967278,273
4294967279,277
4294967294,1016
4294967278,268
4294967278,473
4294967278,472
4294967278,282
4294967278,281
4294967278,265
4294967294,477
4294967279,335
4294967279,256
235,4
4294967278,262
235,3
235,2
235,1
4294967279,255
4294967278,261
4294967294,176
4294967278,471
4294967279,252
4294967279,299
4294967279,568
4294967278,371
4294967278,254
4294967279,251
4294967293,131
4294967293,130
4294967293,129
4294967293,128
4294967293,127
4294967293,126
4294967293,125
4294967293,124
4294967293,123
4294967293,122
4294967293,121
4294967293,120
4294967293,119
4294967293,118
4294967293,117
4294967293,116
4294967293,115
4294967293,114
4294967293,113
4294967293,112
4294967293,111
4294967293,110
4294967293,109
4294967293,108
4294967293,107
4294967293,106
4294967293,105
4294967293,104
4294967293,103
4294967293,102
4294967293,101
4294967293,100
4294967293,99
4294967293,98
4294967293,97
4294967293,96
4294967293,95
4294967293,94
4294967293,93
4294967293,92
4294967293,91
4294967293,90
4294967293,89
4294967293,87
4294967293,86
4294967293,85
4294967293,84
4294967293,83
4294967293,82
4294967293,81
4294967293,80
4294967293,79
4294967293,78
4294967293,77
4294967293,76
4294967293,75
4294967293,74
4294967293,73
4294967293,72
4294967293,71
4294967293,70
4294967293,69
4294967293,68
4294967293,67
4294967293,66
4294967293,65
4294967293,64
4294967293,63
4294967293,62
4294967293,61
4294967293,60
4294967293,59
4294967293,58
4294967293,57
4294967293,56
4294967293,55
4294967293,54
4294967293,53
4294967293,52
4294967293,51
